I 2 8 8
W 0 3 0 11 22 33 44 55 66 77 88 ff
W 0 3 1 11 22 33 44 55 66 77 88 ff
W 0 3 2 11 22 33 44 55 66 77 88 ff
W 0 3 3 11 22 33 44 55 66 77 88 ff
W 0 3 4 11 22 33 44 55 66 77 88 ff
W 0 3 5 11 22 33 44 55 66 77 88 ff
W 0 3 6 11 22 33 44 55 66 77 88 ff
W 0 3 7 11 22 33 44 55 66 77 88 ff
W -1 0 0 1 2 3 4 5 6 7 8 f
R 0 3 0
R 0 3 1
R 0 3 2
R 0 3 3
R 0 3 4
R 0 3 5
R 0 3 6
R 0 3 7
E 0 3
R 0 3 0
R 0 3 1
R 0 3 2
R 0 3 3
R 0 3 4
R 0 3 5
R 0 3 6
R 0 3 7
W 0 2 0 1111 1111 1111 1111 1111 1111 1111 1111 2222
W 0 2 1 1111 1111 1111 1111 1111 1111 1111 1111 2222
W 0 2 3 1111 1111 1111 1111 1111 1111 1111 1111 2222
W 0 2 2 1111 1111 1111 1111 1111 1111 1111 1111 2222
W 0 2 3 1111 1111 1111 1111 1111 1111 1111 1111 2222
R 0 2 0
R 0 2 1
R 0 2 2
R 0 2 3
R 0 2 4
R 0 2 5
R 0 2 6
R 0 2 7
